1.929162535816431046e-04
5.441552493721246719e-04
8.901937399059534073e-04
1.230662921443581581e-03
1.565246144309639931e-03
1.893656561151146889e-03
2.215573797002434731e-03
2.530763158574700356e-03
2.838948974385857582e-03
3.139982232823967934e-03
3.433721372857689857e-03
3.719890723004937172e-03
3.998437896370887756e-03
4.269191995263099670e-03
4.532108083367347717e-03
4.787186160683631897e-03
5.034247413277626038e-03
5.273284390568733215e-03
5.504349246621131897e-03
5.727494135499000549e-03
5.942622199654579163e-03
6.149867549538612366e-03
6.349215283989906311e-03
6.540918722748756409e-03
6.724694743752479553e-03
6.901049986481666565e-03
7.069820538163185120e-03
7.231304422020912170e-03
7.385561242699623108e-03
7.532710209488868713e-03
7.672781124711036682e-03
7.806221023201942444e-03
7.932880893349647522e-03
8.053073659539222717e-03
8.166948333382606506e-03
8.274639025330543518e-03
8.376205340027809143e-03
8.472079411149024963e-03
8.562261238694190979e-03
8.646706119179725647e-03
8.725980296730995178e-03
8.799860253930091858e-03
8.868793025612831116e-03
8.932808414101600647e-03
8.991980925202369690e-03
9.046519175171852112e-03
9.096616879105567932e-03
9.142378345131874084e-03
9.183922782540321350e-03
9.221354499459266663e-03
9.254792705178260803e-03
9.284386411309242249e-03
9.310105815529823303e-03
9.332427754998207092e-03
9.351113811135292053e-03
9.366312995553016663e-03
9.378263726830482483e-03
9.386966004967689514e-03
9.392479434609413147e-03
9.394953027367591858e-03
9.394416585564613342e-03
9.390840306878089905e-03
9.384671226143836975e-03
9.375581517815589905e-03
9.363779798150062561e-03
9.349355474114418030e-03
9.332576766610145569e-03
9.313145652413368225e-03
9.291419759392738342e-03
9.267101064324378967e-03
9.240576997399330139e-03
9.211668744683265686e-03
9.180793538689613342e-03
9.147653356194496155e-03
9.112456813454627991e-03
9.075114503502845764e-03
9.035835042595863342e-03
8.994797244668006897e-03
8.951673284173011780e-03
8.906790986657142639e-03
8.860060945153236389e-03
8.811661973595619202e-03
8.761623874306678772e-03
8.709887042641639709e-03
8.656511083245277405e-03
8.601794019341468811e-03
8.545288816094398499e-03
8.487502112984657288e-03
8.428284898400306702e-03
8.367756381630897522e-03
8.306035771965980530e-03
8.242586627602577209e-03
8.178392425179481506e-03
8.112827315926551819e-03
8.046099916100502014e-03
7.978269830346107483e-03
7.909426465630531311e-03
7.839629426598548889e-03
7.768938317894935608e-03
7.697174325585365295e-03
7.624516263604164124e-03
7.551113143563270569e-03
7.476875558495521545e-03
7.402071729302406311e-03
7.326195016503334045e-03
7.249662652611732483e-03
7.172832265496253967e-03
7.095078006386756897e-03
7.016936317086219788e-03
6.937960162758827209e-03
6.858715787529945374e-03
6.779113784432411194e-03
6.698766723275184631e-03
6.618270650506019592e-03
6.537118926644325256e-03
6.455788388848304749e-03
6.374159827828407288e-03
6.292263045907020569e-03
6.210038438439369202e-03
6.127664819359779358e-03
6.045052781701087952e-03
5.962261930108070374e-03
5.879292264580726624e-03
5.796292796730995178e-03
5.713025107979774475e-03
5.629906430840492249e-03
5.546757951378822327e-03
5.463192239403724670e-03
5.379894748330116272e-03
5.296716466546058655e-03
5.213508382439613342e-03
5.130181089043617249e-03
5.047122016549110413e-03
4.964003339409828186e-03
4.881272092461585999e-03
4.798391833901405334e-03
4.715600982308387756e-03
4.633316770195960999e-03
4.551092162728309631e-03
4.468748345971107483e-03
4.387000575661659241e-03
4.305252805352210999e-03
4.223743453621864319e-03
4.142502322793006897e-03
4.061559215188026428e-03
3.980943933129310608e-03
3.900507697835564613e-03
3.820339450612664223e-03
3.740677842870354652e-03
3.661135444417595863e-03
3.582069883123040199e-03
3.503212938085198402e-03
3.424892434850335121e-03
3.346571931615471840e-03
3.268936881795525551e-03
3.191540250554680824e-03
3.114680061116814613e-03
3.037968883290886879e-03
2.961913356557488441e-03
2.885947236791253090e-03
2.810606965795159340e-03
2.735505113378167152e-03
2.661178121343255043e-03
2.586851129308342934e-03
2.513060579076409340e-03
2.439985284581780434e-03
2.367208013311028481e-03
2.294877776876091957e-03
2.223083982244133949e-03
2.151677617803215981e-03
2.080360660329461098e-03
2.009967574849724770e-03
1.939961919561028481e-03
1.870313892140984535e-03
1.801261911168694496e-03
1.732627162709832191e-03
1.664499053731560707e-03
1.596877584233880043e-03
1.529673347249627113e-03
1.462916145101189613e-03
1.396844396367669106e-03
1.331189880147576332e-03
1.266012201085686684e-03
1.201192149892449379e-03
1.137206563726067543e-03
1.073489198461174965e-03
1.010367879644036293e-03
9.474551770836114883e-04
8.854365441948175430e-04
8.238351438194513321e-04
7.625913713127374649e-04
7.020628545433282852e-04
6.421899888664484024e-04
5.823767278343439102e-04
5.232787225395441055e-04
4.648661706596612930e-04
4.069602582603693008e-04
3.493523690849542618e-04
2.923703286796808243e-04
2.359545323997735977e-04
1.799857709556818008e-04
1.246428582817316055e-04
6.971717812120914459e-05
1.523853279650211334e-05
-3.870367072522640228e-05
-9.196042083203792572e-05
-1.447701361030340195e-04
-1.971030142158269882e-04
-2.489888574928045273e-04
-3.001594450324773788e-04
-3.509724047034978867e-04
-4.010701086372137070e-04
-4.509293939918279648e-04
-5.000138189643621445e-04
-5.486214067786931992e-04
-5.967521574348211288e-04
-6.444954778999090195e-04
-6.914639379829168320e-04
-7.382535841315984726e-04
-7.843875791877508163e-04
-8.298659231513738632e-04
-8.749270346015691757e-04
-9.194219019263982773e-04
-9.634697344154119492e-04
-1.006921520456671715e-03
-1.050134887918829918e-03
-1.092394581064581871e-03
-1.134803285822272301e-03
-1.176139106974005699e-03
-1.217176904901862144e-03
-1.257857074961066246e-03
-1.297821989282965660e-03
-1.337280264124274254e-03
-1.376410713419318199e-03
-1.414885511621832848e-03
-1.452883472666144371e-03
-1.490404596552252769e-03
-1.527478685602545738e-03
-1.564105739817023277e-03
-1.600315561518073082e-03
-1.635899534448981285e-03
-1.671066274866461754e-03
-1.705636968836188316e-03
-1.739820232614874840e-03
-1.773496856912970543e-03
-1.806994667276740074e-03
-1.839836826547980309e-03
-1.871814718469977379e-03
-1.903643598780035973e-03
-1.935323467478156090e-03
-1.966317882761359215e-03
-1.996805658563971519e-03
-2.026637783274054527e-03
-2.056320896372199059e-03
-2.085527172312140465e-03
-2.114077797159552574e-03
-2.142568817362189293e-03
-2.170404186472296715e-03
-2.197643509134650230e-03
-2.224495401605963707e-03
-2.250959863886237144e-03
-2.277215709909796715e-03
-2.302815904840826988e-03
-2.327939262613654137e-03
-2.352615585550665855e-03
-2.377262106165289879e-03
-2.401044359430670738e-03
-2.424558391794562340e-03
-2.447774400934576988e-03
-2.470453968271613121e-03
-2.492746105417609215e-03
-2.514799823984503746e-03
-2.536406507715582848e-03
-2.557268133386969566e-03
-2.578040352091193199e-03
-2.598633756861090660e-03
-2.618511905893683434e-03
-2.638121834024786949e-03
-2.657076111063361168e-03
-2.676149597391486168e-03
-2.694507827982306480e-03
-2.712627639994025230e-03
-2.730479231104254723e-03
-2.747734775766730309e-03
-2.764781704172492027e-03
-2.781262388452887535e-03
-2.797504654154181480e-03
-2.813627710565924644e-03
-2.828856697306036949e-03
-2.844264497980475426e-03
-2.859106054529547691e-03
-2.873649587854743004e-03
-2.887805690988898277e-03
-2.901812782511115074e-03
-2.915313234552741051e-03
-2.928515663370490074e-03
-2.941479673609137535e-03
-2.953937044367194176e-03
-2.966394415125250816e-03
-2.978076925501227379e-03
-2.989848842844367027e-03
-3.001114120706915855e-03
-3.012260189279913902e-03
-3.022750606760382652e-03
-3.033270826563239098e-03
-3.043254604563117027e-03
-3.053208580240607262e-03
-3.062626114115118980e-03
-3.071924438700079918e-03
-3.080835333094000816e-03
-3.089716425165534019e-03
-3.097941866144537926e-03
-3.106048097833991051e-03
-3.113975515589118004e-03
-3.121634712442755699e-03
-3.128787269815802574e-03
-3.136029234156012535e-03
-3.142645349726080894e-03
-3.149261465296149254e-03
-3.155549755319952965e-03
-3.161629429087042809e-03
-3.167381277307868004e-03
-3.172864904627203941e-03
-3.178199520334601402e-03
-3.183295717462897301e-03
-3.188034286722540855e-03
-3.192653646692633629e-03
-3.197183599695563316e-03
-3.201177110895514488e-03
-3.205140819773077965e-03
-3.208687296137213707e-03
-3.212174167856574059e-03
-3.215482225641608238e-03
-3.218611469492316246e-03
-3.221353283151984215e-03
-3.223946085199713707e-03
-3.226479282602667809e-03
-3.228684654459357262e-03
-3.230562200769782066e-03
-3.232499351724982262e-03
-3.234019270166754723e-03
-3.235568990930914879e-03
-3.236701479181647301e-03
-3.237774362787604332e-03
-3.238728037104010582e-03
-3.239204874262213707e-03
-3.239830723032355309e-03
-3.240009536966681480e-03
-3.240367164835333824e-03
-3.240158548578619957e-03
-3.240158548578619957e-03
-3.239622106775641441e-03
-3.239264478906989098e-03
-3.238579025492072105e-03
-3.237625351175665855e-03
-3.236582269892096519e-03
-3.235449781641364098e-03
-3.234198084101080894e-03
-3.232648363336920738e-03
-3.231098642572760582e-03
-3.229250898584723473e-03
-3.227432956919074059e-03
-3.225376596674323082e-03
-3.223201027140021324e-03
-3.220906248316168785e-03
-3.218611469492316246e-03
-3.215869655832648277e-03
-3.213187446817755699e-03
-3.210326423868536949e-03
-3.207375993952155113e-03
-3.204336157068610191e-03
-3.201028099283576012e-03
-3.197749843820929527e-03
-3.194292774423956871e-03
-3.190656891092658043e-03
-3.187050810083746910e-03
-3.183176508173346519e-03
-3.179302206262946129e-03
-3.175249090418219566e-03
-3.171136369928717613e-03
-3.166785230860114098e-03
-3.162672510370612144e-03
-3.158202162012457848e-03
-3.153612604364752769e-03
-3.148933639749884605e-03
-3.144314279779791832e-03
-3.139545908197760582e-03
-3.134598722681403160e-03
-3.129591932520270348e-03
-3.124436130747199059e-03
-3.119310131296515465e-03
-3.114154329523444176e-03
-3.108789911493659019e-03
-3.103038063272833824e-03
-3.097703447565436363e-03
-3.092041006311774254e-03
-3.086348762735724449e-03
-3.080745926126837730e-03
-3.074964275583624840e-03
-3.068974008783698082e-03
-3.062924137338995934e-03
-3.056904068216681480e-03
-3.050973406061530113e-03
-3.044565906748175621e-03
-3.038426628336310387e-03
-3.032019129022955894e-03
-3.025701036676764488e-03
-3.019204130396246910e-03
-3.012856235727667809e-03
-3.006120910868048668e-03
-2.999653806909918785e-03
-2.992858877405524254e-03
-2.986212959513068199e-03
-2.979447832331061363e-03
-2.972563495859503746e-03
-2.965470543131232262e-03
-2.958645811304450035e-03
-2.951910486444830894e-03
-2.944698324427008629e-03
-2.937635174021124840e-03
-2.930542221292853355e-03
-2.923359861597418785e-03
-2.915909281000494957e-03
-2.908816328272223473e-03
-2.901395549997687340e-03
-2.894242992624640465e-03
-2.886822214350104332e-03
-2.879401436075568199e-03
-2.871980657801032066e-03
-2.864410867914557457e-03
-2.856692066416144371e-03
-2.849211683496832848e-03
-2.841820707544684410e-03
-2.834131708368659019e-03
-2.826323499903082848e-03
-2.818753710016608238e-03
-2.811154117807745934e-03
-2.803077688440680504e-03
-2.795299282297492027e-03
-2.787520876154303551e-03
-2.779682865366339684e-03
-2.771993866190314293e-03
-2.764126053079962730e-03
-2.756079426035284996e-03
-2.748211612924933434e-03
-2.740164985880255699e-03
-2.732148161157965660e-03
-2.724280348047614098e-03
-2.716144314035773277e-03
-2.708306303247809410e-03
-2.700170269235968590e-03
-2.692093839868903160e-03
-2.683808794245123863e-03
-2.675702562555670738e-03
-2.667685737833380699e-03
-2.659549703821539879e-03
-2.651473274454474449e-03
-2.643247833475470543e-03
-2.634903183206915855e-03
-2.627005567774176598e-03
-2.618631115183234215e-03
-2.610554685816168785e-03
-2.602239837870001793e-03
-2.593954792246222496e-03
-2.585937967523932457e-03
-2.577742328867316246e-03
-2.569248666986823082e-03
-2.561053028330206871e-03
-2.552797785028815269e-03
-2.544512739405035973e-03
-2.536346903070807457e-03
-2.527853241190314293e-03
-2.519597997888922691e-03
-2.511372556909918785e-03
-2.503027906641364098e-03
-2.494623651728034019e-03
-2.486606827005743980e-03
-2.478351583704352379e-03
-2.469798317179083824e-03
-2.461513271555304527e-03
-2.453198423609137535e-03
-2.445151796564459801e-03
-2.436747541651129723e-03
-2.428343286737799644e-03
-2.419968834146857262e-03
-2.411683788523077965e-03
-2.403368940576910973e-03
-2.395203104242682457e-03
-2.386798849329352379e-03
-2.378513803705573082e-03
-2.370407572016119957e-03
-2.361973514780402184e-03
-2.353807678446173668e-03
-2.345403423532843590e-03
-2.337088575586676598e-03
-2.329041948541998863e-03
-2.320637693628668785e-03
-2.312531461939215660e-03
-2.304246416315436363e-03
-2.295961370691657066e-03
-2.287586918100714684e-03
-2.279629698023200035e-03
-2.271165838465094566e-03
-2.263059606775641441e-03
-2.254893770441412926e-03
-2.246549120172858238e-03
-2.238383283838629723e-03
-2.230396261438727379e-03
-2.221992006525397301e-03
-2.214004984125494957e-03
-2.205958357080817223e-03
-2.197732916101813316e-03
-2.189805498346686363e-03
-2.181639662012457848e-03
-2.173533430323004723e-03
-2.165546407923102379e-03
-2.157201757654547691e-03
-2.149333944544196129e-03
-2.141346922144293785e-03
-2.133240690454840660e-03
-2.125134458765387535e-03
-2.117147436365485191e-03
-2.109458437189459801e-03
-2.101352205500006676e-03
-2.093305578455328941e-03
-2.085437765344977379e-03
-2.077569952234625816e-03
-2.069404115900397301e-03
-2.061536302790045738e-03
-2.053728094324469566e-03
-2.045979490503668785e-03
-2.037932863458991051e-03
-2.030184259638190269e-03
-2.022316446527838707e-03
-2.014448633417487144e-03
-2.006759634241461754e-03
-1.998951425775885582e-03
-1.991202821955084801e-03
-1.983454218134284019e-03
-1.975646009668707848e-03
-1.967897405847907066e-03
-1.960327615961432457e-03
-1.952698221430182457e-03
-1.945009222254157066e-03
-1.937439432367682457e-03
-1.929869642481207848e-03
-1.922359457239508629e-03
-1.914491644129157066e-03
-1.907100668177008629e-03
-1.899530878290534019e-03
-1.892020693048834801e-03
-1.884570112451910973e-03
-1.876940717920660973e-03
-1.869549741968512535e-03
-1.862039556726813316e-03
-1.854529371485114098e-03
-1.847198000177741051e-03
-1.839807024225592613e-03
-1.832535257562994957e-03
-1.825323095545172691e-03
-1.817872514948248863e-03
-1.810362329706549644e-03
-1.803269376978278160e-03
-1.795938005670905113e-03
-1.788606634363532066e-03
-1.781573286280035973e-03
-1.774182310327887535e-03
-1.767029752954840660e-03
-1.759936800226569176e-03
-1.752724638208746910e-03
-1.745750894770026207e-03
-1.738419523462653160e-03
-1.731386175379157066e-03
-1.724352827295660973e-03
-1.717081060633063316e-03
-1.710226526483893394e-03
-1.703431596979498863e-03
-1.696338644251227379e-03
-1.689186086878180504e-03
-1.682510366663336754e-03
-1.675536623224616051e-03
-1.668622484430670738e-03
-1.661708345636725426e-03
-1.654853811487555504e-03
-1.648118486627936363e-03
-1.641323557123541832e-03
-1.634588232263922691e-03
-1.627614488825201988e-03
-1.620998373255133629e-03
-1.614203443750739098e-03
-1.607646932825446129e-03
-1.600911607965826988e-03
-1.594295492395758629e-03
-1.587560167536139488e-03
-1.581003656610846519e-03
-1.574745168909430504e-03
-1.568069448694586754e-03
-1.561453333124518394e-03
-1.554956426844000816e-03
-1.548578729853034019e-03
-1.541962614282965660e-03
-1.535704126581549644e-03
-1.529088011011481285e-03
-1.522829523310065269e-03
-1.516690244898200035e-03
-1.510133733972907066e-03
-1.503815641626715660e-03
-1.497616758570075035e-03
-1.491179456934332848e-03
-1.485040178522467613e-03
-1.478900900110602379e-03
-1.472582807764410973e-03
-1.466443529352545738e-03
-1.460304250940680504e-03
-1.454164972528815269e-03
-1.448264112696051598e-03
-1.442065229639410973e-03
-1.436045160517096519e-03
-1.429965486750006676e-03
-1.423945417627692223e-03
-1.418044557794928551e-03
-1.411905279383063316e-03
-1.406064024195075035e-03
-1.400341978296637535e-03
-1.394262304529547691e-03
-1.388421049341559410e-03
-1.382758608087897301e-03
-1.376917352899909019e-03
-1.371016493067145348e-03
-1.365354051813483238e-03
-1.359453191980719566e-03
-1.353731146082282066e-03
-1.348128309473395348e-03
-1.342763891443610191e-03
-1.336743822321295738e-03
-1.331319799646735191e-03
-1.325716963037848473e-03
-1.320173731073737144e-03
-1.314690103754401207e-03
-1.309206476435065269e-03
-1.303722849115729332e-03
-1.298239221796393394e-03
-1.292755594477057457e-03
-1.287450781092047691e-03
-1.282026758417487144e-03
-1.276662340387701988e-03
-1.271417131647467613e-03
-1.266112318262457848e-03
-1.260867109522223473e-03
-1.255562296137213707e-03
-1.250436296686530113e-03
-1.245131483301520348e-03
-1.240005483850836754e-03
-1.234760275110602379e-03
-1.229753484949469566e-03
-1.224567880854010582e-03
-1.219501486048102379e-03
-1.214613905176520348e-03
-1.209607115015387535e-03
-1.204600324854254723e-03
-1.199474325403571129e-03
-1.194825163111090660e-03
-1.189877977594733238e-03
-1.184871187433600426e-03
-1.179804792627692223e-03
-1.175274839624762535e-03
-1.170327654108405113e-03
-1.165618887171149254e-03
-1.160731306299567223e-03
-1.156260957941412926e-03
-1.151432981714606285e-03
-1.146664610132575035e-03
-1.142134657129645348e-03
-1.137545099481940269e-03
-1.132776727899909019e-03
-1.128485193476080894e-03
-1.123955240473151207e-03
-1.119365682825446129e-03
-1.115014543756842613e-03
-1.110365381464362144e-03
-1.106014242395758629e-03
-1.101543894037604332e-03
-1.097192754969000816e-03
-1.092841615900397301e-03
-1.088490476831793785e-03
-1.084377756342291832e-03
-1.079907407984137535e-03
-1.075735082849860191e-03
-1.071622362360358238e-03
-1.067330827936530113e-03
-1.063218107447028160e-03
-1.058926573023200035e-03
-1.054813852533698082e-03
-1.050879945978522301e-03
-1.046826830133795738e-03
-1.042833318933844566e-03
-1.039018621668219566e-03
-1.035025110468268394e-03
-1.030852785333991051e-03
-1.026918878778815269e-03
-1.022984972223639488e-03
-1.019229879602789879e-03
-1.015355577692389488e-03
-1.011481275781989098e-03
-1.007845392450690269e-03
-1.003911485895514488e-03
-1.000454416498541832e-03
-9.967589285224676132e-04
-9.930038359016180038e-04
-9.895467665046453476e-04
-9.857320692390203476e-04
-9.821557905524969101e-04
-9.786391165107488632e-04
-9.751224424690008163e-04
-9.716057684272527695e-04
-9.680890943855047226e-04
-9.646916296333074570e-04
-9.613537695258855820e-04
-9.578967001289129257e-04
-9.544992353767156601e-04
-9.512209799140691757e-04
-9.478831198066473007e-04
-9.445452596992254257e-04
-9.412670042365789413e-04
-9.381079580634832382e-04
-9.348893072456121445e-04
-9.317898657172918320e-04
-9.287500288337469101e-04
-9.255313780158758163e-04
-9.224915411323308945e-04
-9.194517042487859726e-04
-9.164118673652410507e-04
-9.135508444160223007e-04
-9.103321935981512070e-04
-9.074115660041570663e-04
-9.045505430549383163e-04
-9.016895201057195663e-04
-8.989477064460515976e-04
-8.960866834968328476e-04
-8.932256605476140976e-04
-8.904838468879461288e-04
-8.876228239387273788e-04
-8.848214056342840195e-04
-8.823180105537176132e-04
-8.796358015388250351e-04
-8.769535925239324570e-04
-8.742713835090398788e-04
-8.717679884284734726e-04
-8.693241979926824570e-04
-8.669400122016668320e-04
-8.640789892524480820e-04
-8.618736173957586288e-04
-8.593702223151922226e-04
-8.567476179450750351e-04
-8.546614553779363632e-04
-8.523368742316961288e-04
-8.498930837959051132e-04
-8.476281072944402695e-04
-8.453631307929754257e-04
-8.430981542915105820e-04
-8.409523870795965195e-04
-8.388066198676824570e-04
-8.367204573005437851e-04
-8.346342947334051132e-04
-8.324289228767156601e-04
-8.303427603095769882e-04
-8.284354116767644882e-04
-8.263492491096258163e-04
-8.245015051215887070e-04
-8.224153425544500351e-04
-8.206868078559637070e-04
-8.188390638679265976e-04
-8.166932966560125351e-04
-8.150243666023015976e-04
-8.131170179694890976e-04
-8.113884832710027695e-04
-8.096599485725164413e-04
-8.079314138740301132e-04
-8.063816931098699570e-04
-8.047127630561590195e-04
-8.031630422919988632e-04
-8.016133215278387070e-04
-7.997059728950262070e-04
-7.982754614204168320e-04
-7.968449499458074570e-04
-7.952356245368719101e-04
-7.939243223518133163e-04
-7.926130201667547226e-04
-7.913017179816961288e-04
-7.897519972175359726e-04
-7.885002996772527695e-04
-7.872486021369695663e-04
-7.859969045966863632e-04
-7.848048117011785507e-04
-7.833146955817937851e-04
-7.822418119758367538e-04
-7.811689283698797226e-04
-7.800364401191473007e-04
-7.787847425788640976e-04
-7.777118589729070663e-04
-7.767581846565008163e-04
-7.757449056953191757e-04
-7.746720220893621445e-04
-7.738971617072820663e-04
-7.731819059699773788e-04
-7.721686270087957382e-04
-7.712149526923894882e-04
-7.702016737312078476e-04
-7.696056272834539413e-04
-7.687711622565984726e-04
-7.679963018745183945e-04
-7.672810461372137070e-04
-7.668042089790105820e-04
-7.659697439521551132e-04
-7.653736975044012070e-04
-7.648968603461980820e-04
-7.642412092536687851e-04
-7.635855581611394882e-04
-7.632279302924871445e-04
-7.628106977790594101e-04
-7.622742559760808945e-04
-7.620358373969793320e-04
-7.614397909492254257e-04
-7.612013723701238632e-04
-7.606649305671453476e-04
-7.605457212775945663e-04
-7.603073026984930038e-04
-7.600092794746160507e-04
-7.598900701850652695e-04
-7.595920469611883163e-04
-7.594132330268621445e-04
-7.592940237373113632e-04
-7.591152098029851913e-04
-7.592940237373113632e-04
-7.592940237373113632e-04
-7.591748144477605820e-04
-7.592344190925359726e-04
-7.592344190925359726e-04
-7.593536283820867538e-04
-7.594728376716375351e-04
-7.595920469611883163e-04
-7.598304655402898788e-04
-7.600688841193914413e-04
-7.603073026984930038e-04
-7.605457212775945663e-04
-7.608437445014715195e-04
-7.609629537910223007e-04
-7.613801863044500351e-04
-7.618570234626531601e-04
-7.623338606208562851e-04
-7.626914884895086288e-04
-7.632279302924871445e-04
-7.637643720954656601e-04
-7.643008138984441757e-04
-7.648372557014226913e-04
-7.653140928596258163e-04
-7.660293485969305038e-04
-7.667446043342351913e-04
-7.674598600715398788e-04
-7.678174879401922226e-04
-7.687711622565984726e-04
-7.697248365730047226e-04
-7.704400923103094101e-04
-7.713937666267156601e-04
-7.722282316535711288e-04
-7.729434873908758163e-04
-7.739567663520574570e-04
-7.748508360236883163e-04
-7.760429289191961288e-04
-7.769369985908269882e-04
-7.778906729072332382e-04
-7.789039518684148788e-04
-7.802748586982488632e-04
-7.812881376594305038e-04
-7.822418119758367538e-04
-7.835531141608953476e-04
-7.847452070564031601e-04
-7.861161138862371445e-04
-7.874274160712957382e-04
-7.886195089668035507e-04
-7.900500204414129257e-04
-7.914805319160223007e-04
-7.926726248115301132e-04
-7.942223455756902695e-04
-7.958316709846258163e-04
-7.971429731696844101e-04
-7.986330892890691757e-04
-8.003020193427801132e-04
-8.019113447517156601e-04
-8.035206701606512070e-04
-8.050703909248113632e-04
-8.066797163337469101e-04
-8.083486463874578476e-04
-8.101367857307195663e-04
-8.121037390083074570e-04
-8.137726690620183945e-04
-8.156204130500555038e-04
-8.172893431037664413e-04
-8.192562963813543320e-04
-8.212232496589422226e-04
-8.231902029365301132e-04
-8.250975515693426132e-04
-8.270645048469305038e-04
-8.289718534797430038e-04
-8.309388067573308945e-04
-8.330845739692449570e-04
-8.353495504707098007e-04
-8.375549223273992538e-04
-8.395814802497625351e-04
-8.417868521064519882e-04
-8.440518286079168320e-04
-8.464956190437078476e-04
-8.487605955451726913e-04
-8.509063627570867538e-04
-8.533501531928777695e-04
-8.557343389838933945e-04
-8.580589201301336288e-04
-8.606219198554754257e-04
-8.631253149360418320e-04
-8.655691053718328476e-04
-8.680725004523992538e-04
-8.708739187568426132e-04
-8.731388952583074570e-04
-8.756422903388738632e-04
-8.784437086433172226e-04
-8.810663130134344101e-04
-8.838081266731023788e-04
-8.864307310432195663e-04
-8.896493818610906601e-04
-8.922123815864324570e-04
-8.949541952461004257e-04
-8.977556135505437851e-04
-9.007358457893133163e-04
-9.035968687385320663e-04
-9.065771009773015976e-04
-9.094977285712957382e-04
-9.125375654548406601e-04
-9.156370069831609726e-04
-9.186768438667058945e-04
-9.216570761054754257e-04
-9.248757269233465195e-04
-9.279155638068914413e-04
-9.313130285590887070e-04
-9.343528654426336288e-04
-9.376311209052801132e-04
-9.407901670783758163e-04
-9.441876318305730820e-04
-9.474658872932195663e-04
-9.507441427558660507e-04
-9.542012121528387070e-04
-9.577178861945867538e-04
-9.609961416572332382e-04
-9.646320249885320663e-04
-9.679698850959539413e-04
-9.716653730720281601e-04
-9.751224424690008163e-04
-9.785795118659734726e-04
-9.823346044868230820e-04
-9.857916738837957382e-04
-9.897255804389715195e-04
-9.933018591254949570e-04
-9.969973471015691757e-04
-1.000692835077643394e-03
-1.004507532343268394e-03
-1.008501043543219566e-03
-1.012256136164069176e-03
-1.016011228784918785e-03
-1.020004739984869957e-03
-1.023938646540045738e-03
-1.027932157739996910e-03
-1.031866064295172691e-03
-1.035799970850348473e-03
-1.039972295984625816e-03
-1.043906202539801598e-03
-1.048078527674078941e-03
-1.052072038874030113e-03
-1.056423177942633629e-03
-1.060595503076910973e-03
-1.064887037500739098e-03
-1.068880548700690269e-03
-1.073291292414069176e-03
-1.077523222193121910e-03
-1.081814756616950035e-03
-1.086285104975104332e-03
-1.090517034754157066e-03
-1.094987383112311363e-03
-1.099457731470465660e-03
-1.103868475183844566e-03
-1.108577242121100426e-03
-1.112809171900153160e-03
-1.117577543482184410e-03
-1.122107496485114098e-03
-1.126697054132819176e-03
-1.131346216425299644e-03
-1.136233797296881676e-03
-1.140823354944586754e-03
-1.145412912592291832e-03
-1.150181284174323082e-03
-1.154890051111578941e-03
-1.159777631983160973e-03
