0.000000000000000000e+00
3.003003075718879700e-02
6.006006151437759399e-02
9.009008854627609253e-02
1.201201230287551880e-01
1.501501500606536865e-01
1.801801770925521851e-01
2.102102041244506836e-01
2.402402460575103760e-01
2.702702581882476807e-01
3.003003001213073730e-01
3.303303420543670654e-01
3.603603541851043701e-01
3.903903961181640625e-01
4.204204082489013672e-01
4.504504501819610596e-01
4.804804921150207520e-01
5.105105042457580566e-01
5.405405163764953613e-01
5.705705881118774414e-01
6.006006002426147461e-01
6.306306123733520508e-01
6.606606841087341309e-01
6.906906962394714355e-01
7.207207083702087402e-01
7.507507801055908203e-01
7.807807922363281250e-01
8.108108043670654297e-01
8.408408164978027344e-01
8.708708882331848145e-01
9.009009003639221191e-01
9.309309124946594238e-01
9.609609842300415039e-01
9.909909963607788086e-01
1.021021008491516113e+00
1.051051020622253418e+00
1.081081032752990723e+00
1.111111164093017578e+00
1.141141176223754883e+00
1.171171188354492188e+00
1.201201200485229492e+00
1.231231212615966797e+00
1.261261224746704102e+00
1.291291236877441406e+00
1.321321368217468262e+00
1.351351380348205566e+00
1.381381392478942871e+00
1.411411404609680176e+00
1.441441416740417480e+00
1.471471428871154785e+00
1.501501560211181641e+00
1.531531572341918945e+00
1.561561584472656250e+00
1.591591596603393555e+00
1.621621608734130859e+00
1.651651620864868164e+00
1.681681632995605469e+00
1.711711764335632324e+00
1.741741776466369629e+00
1.771771788597106934e+00
1.801801800727844238e+00
1.831831812858581543e+00
1.861861824989318848e+00
1.891891837120056152e+00
1.921921968460083008e+00
1.951951980590820312e+00
1.981981992721557617e+00
2.012012004852294922e+00
2.042042016983032227e+00
2.072072029113769531e+00
2.102102041244506836e+00
2.132132053375244141e+00
2.162162065505981445e+00
2.192192077636718750e+00
2.222222328186035156e+00
2.252252340316772461e+00
2.282282352447509766e+00
2.312312364578247070e+00
2.342342376708984375e+00
2.372372388839721680e+00
2.402402400970458984e+00
2.432432413101196289e+00
2.462462425231933594e+00
2.492492437362670898e+00
2.522522449493408203e+00
2.552552461624145508e+00
2.582582473754882812e+00
2.612612724304199219e+00
2.642642736434936523e+00
2.672672748565673828e+00
2.702702760696411133e+00
2.732732772827148438e+00
2.762762784957885742e+00
2.792792797088623047e+00
2.822822809219360352e+00
2.852852821350097656e+00
2.882882833480834961e+00
2.912912845611572266e+00
2.942942857742309570e+00
2.972972869873046875e+00
3.003003120422363281e+00
3.033033132553100586e+00
3.063063144683837891e+00
3.093093156814575195e+00
3.123123168945312500e+00
3.153153181076049805e+00
3.183183193206787109e+00
3.213213205337524414e+00
3.243243217468261719e+00
3.273273229598999023e+00
3.303303241729736328e+00
3.333333253860473633e+00
3.363363265991210938e+00
3.393393278121948242e+00
3.423423528671264648e+00
3.453453540802001953e+00
3.483483552932739258e+00
3.513513565063476562e+00
3.543543577194213867e+00
3.573573589324951172e+00
3.603603601455688477e+00
3.633633613586425781e+00
3.663663625717163086e+00
3.693693637847900391e+00
3.723723649978637695e+00
3.753753662109375000e+00
3.783783674240112305e+00
3.813813924789428711e+00
3.843843936920166016e+00
3.873873949050903320e+00
3.903903961181640625e+00
3.933933973312377930e+00
3.963963985443115234e+00
3.993993997573852539e+00
4.024024009704589844e+00
4.054054260253906250e+00
4.084084033966064453e+00
4.114114284515380859e+00
4.144144058227539062e+00
4.174174308776855469e+00
4.204204082489013672e+00
4.234234333038330078e+00
4.264264106750488281e+00
4.294294357299804688e+00
4.324324131011962891e+00
4.354354381561279297e+00
4.384384155273437500e+00
4.414414405822753906e+00
4.444444656372070312e+00
4.474474430084228516e+00
4.504504680633544922e+00
4.534534454345703125e+00
4.564564704895019531e+00
4.594594478607177734e+00
4.624624729156494141e+00
4.654654502868652344e+00
4.684684753417968750e+00
4.714714527130126953e+00
4.744744777679443359e+00
4.774774551391601562e+00
4.804804801940917969e+00
4.834835052490234375e+00
4.864864826202392578e+00
4.894895076751708984e+00
4.924924850463867188e+00
4.954955101013183594e+00
4.984984874725341797e+00
5.015015125274658203e+00
5.045044898986816406e+00
5.075075149536132812e+00
5.105104923248291016e+00
5.135135173797607422e+00
5.165164947509765625e+00
5.195195198059082031e+00
5.225225448608398438e+00
5.255255222320556641e+00
5.285285472869873047e+00
5.315315246582031250e+00
5.345345497131347656e+00
5.375375270843505859e+00
5.405405521392822266e+00
5.435435295104980469e+00
5.465465545654296875e+00
5.495495319366455078e+00
5.525525569915771484e+00
5.555555343627929688e+00
5.585585594177246094e+00
5.615615844726562500e+00
5.645645618438720703e+00
5.675675868988037109e+00
5.705705642700195312e+00
5.735735893249511719e+00
5.765765666961669922e+00
5.795795917510986328e+00
5.825825691223144531e+00
5.855855941772460938e+00
5.885885715484619141e+00
5.915915966033935547e+00
5.945945739746093750e+00
5.975975990295410156e+00
6.006006240844726562e+00
6.036036014556884766e+00
6.066066265106201172e+00
6.096096038818359375e+00
6.126126289367675781e+00
6.156156063079833984e+00
6.186186313629150391e+00
6.216216087341308594e+00
6.246246337890625000e+00
6.276276111602783203e+00
6.306306362152099609e+00
6.336336135864257812e+00
6.366366386413574219e+00
6.396396160125732422e+00
6.426426410675048828e+00
6.456456661224365234e+00
6.486486434936523438e+00
6.516516685485839844e+00
6.546546459197998047e+00
6.576576709747314453e+00
6.606606483459472656e+00
6.636636734008789062e+00
6.666666507720947266e+00
6.696696758270263672e+00
6.726726531982421875e+00
6.756756782531738281e+00
6.786786556243896484e+00
6.816816806793212891e+00
6.846847057342529297e+00
6.876876831054687500e+00
6.906907081604003906e+00
6.936936855316162109e+00
6.966967105865478516e+00
6.996996879577636719e+00
7.027027130126953125e+00
7.057056903839111328e+00
7.087087154388427734e+00
7.117116928100585938e+00
7.147147178649902344e+00
7.177176952362060547e+00
7.207207202911376953e+00
7.237237453460693359e+00
7.267267227172851562e+00
7.297297477722167969e+00
7.327327251434326172e+00
7.357357501983642578e+00
7.387387275695800781e+00
7.417417526245117188e+00
7.447447299957275391e+00
7.477477550506591797e+00
7.507507324218750000e+00
7.537537574768066406e+00
7.567567348480224609e+00
7.597597599029541016e+00
7.627627849578857422e+00
7.657657623291015625e+00
7.687687873840332031e+00
7.717717647552490234e+00
7.747747898101806641e+00
7.777777671813964844e+00
7.807807922363281250e+00
7.837837696075439453e+00
7.867867946624755859e+00
7.897897720336914062e+00
7.927927970886230469e+00
7.957957744598388672e+00
7.987987995147705078e+00
8.018017768859863281e+00
8.048048019409179688e+00
8.078078269958496094e+00
8.108108520507812500e+00
8.138137817382812500e+00
8.168168067932128906e+00
8.198198318481445312e+00
8.228228569030761719e+00
8.258257865905761719e+00
8.288288116455078125e+00
8.318318367004394531e+00
8.348348617553710938e+00
8.378377914428710938e+00
8.408408164978027344e+00
8.438438415527343750e+00
8.468468666076660156e+00
8.498498916625976562e+00
8.528528213500976562e+00
8.558558464050292969e+00
8.588588714599609375e+00
8.618618965148925781e+00
8.648648262023925781e+00
8.678678512573242188e+00
8.708708763122558594e+00
8.738739013671875000e+00
8.768768310546875000e+00
8.798798561096191406e+00
8.828828811645507812e+00
8.858859062194824219e+00
8.888889312744140625e+00
8.918918609619140625e+00
8.948948860168457031e+00
8.978979110717773438e+00
9.009009361267089844e+00
9.039038658142089844e+00
9.069068908691406250e+00
9.099099159240722656e+00
9.129129409790039062e+00
9.159158706665039062e+00
9.189188957214355469e+00
9.219219207763671875e+00
9.249249458312988281e+00
9.279279708862304688e+00
9.309309005737304688e+00
9.339339256286621094e+00
9.369369506835937500e+00
9.399399757385253906e+00
9.429429054260253906e+00
9.459459304809570312e+00
9.489489555358886719e+00
9.519519805908203125e+00
9.549549102783203125e+00
9.579579353332519531e+00
9.609609603881835938e+00
9.639639854431152344e+00
9.669670104980468750e+00
9.699699401855468750e+00
9.729729652404785156e+00
9.759759902954101562e+00
9.789790153503417969e+00
9.819819450378417969e+00
9.849849700927734375e+00
9.879879951477050781e+00
9.909910202026367188e+00
9.939939498901367188e+00
9.969969749450683594e+00
1.000000000000000000e+01
1.003003025054931641e+01
1.006006050109863281e+01
1.009008979797363281e+01
1.012012004852294922e+01
1.015015029907226562e+01
1.018018054962158203e+01
1.021020984649658203e+01
1.024024009704589844e+01
1.027027034759521484e+01
1.030030059814453125e+01
1.033032989501953125e+01
1.036036014556884766e+01
1.039039039611816406e+01
1.042042064666748047e+01
1.045045089721679688e+01
1.048048019409179688e+01
1.051051044464111328e+01
1.054054069519042969e+01
1.057057094573974609e+01
1.060060024261474609e+01
1.063063049316406250e+01
1.066066074371337891e+01
1.069069099426269531e+01
1.072072029113769531e+01
1.075075054168701172e+01
1.078078079223632812e+01
1.081081104278564453e+01
1.084084129333496094e+01
1.087087059020996094e+01
1.090090084075927734e+01
1.093093109130859375e+01
1.096096134185791016e+01
1.099099063873291016e+01
1.102102088928222656e+01
1.105105113983154297e+01
1.108108139038085938e+01
1.111111068725585938e+01
1.114114093780517578e+01
1.117117118835449219e+01
1.120120143890380859e+01
1.123123168945312500e+01
1.126126098632812500e+01
1.129129123687744141e+01
1.132132148742675781e+01
1.135135173797607422e+01
1.138138103485107422e+01
1.141141128540039062e+01
1.144144153594970703e+01
1.147147178649902344e+01
1.150150108337402344e+01
1.153153133392333984e+01
1.156156158447265625e+01
1.159159183502197266e+01
1.162162208557128906e+01
1.165165138244628906e+01
1.168168163299560547e+01
1.171171188354492188e+01
1.174174213409423828e+01
1.177177143096923828e+01
1.180180168151855469e+01
1.183183193206787109e+01
1.186186218261718750e+01
1.189189147949218750e+01
1.192192173004150391e+01
1.195195198059082031e+01
1.198198223114013672e+01
1.201201248168945312e+01
1.204204177856445312e+01
1.207207202911376953e+01
1.210210227966308594e+01
1.213213253021240234e+01
1.216216182708740234e+01
1.219219207763671875e+01
1.222222232818603516e+01
1.225225257873535156e+01
1.228228187561035156e+01
1.231231212615966797e+01
1.234234237670898438e+01
1.237237262725830078e+01
1.240240287780761719e+01
1.243243217468261719e+01
1.246246242523193359e+01
1.249249267578125000e+01
1.252252292633056641e+01
1.255255222320556641e+01
1.258258247375488281e+01
1.261261272430419922e+01
1.264264297485351562e+01
1.267267227172851562e+01
1.270270252227783203e+01
1.273273277282714844e+01
1.276276302337646484e+01
1.279279232025146484e+01
1.282282257080078125e+01
1.285285282135009766e+01
1.288288307189941406e+01
1.291291332244873047e+01
1.294294261932373047e+01
1.297297286987304688e+01
1.300300312042236328e+01
1.303303337097167969e+01
1.306306266784667969e+01
1.309309291839599609e+01
1.312312316894531250e+01
1.315315341949462891e+01
1.318318271636962891e+01
1.321321296691894531e+01
1.324324321746826172e+01
1.327327346801757812e+01
1.330330371856689453e+01
1.333333301544189453e+01
1.336336326599121094e+01
1.339339351654052734e+01
1.342342376708984375e+01
1.345345306396484375e+01
1.348348331451416016e+01
1.351351356506347656e+01
1.354354381561279297e+01
1.357357311248779297e+01
1.360360336303710938e+01
1.363363361358642578e+01
1.366366386413574219e+01
1.369369411468505859e+01
1.372372341156005859e+01
1.375375366210937500e+01
1.378378391265869141e+01
1.381381416320800781e+01
1.384384346008300781e+01
1.387387371063232422e+01
1.390390396118164062e+01
1.393393421173095703e+01
1.396396350860595703e+01
1.399399375915527344e+01
1.402402400970458984e+01
1.405405426025390625e+01
1.408408451080322266e+01
1.411411380767822266e+01
1.414414405822753906e+01
1.417417430877685547e+01
1.420420455932617188e+01
1.423423385620117188e+01
1.426426410675048828e+01
1.429429435729980469e+01
1.432432460784912109e+01
1.435435390472412109e+01
1.438438415527343750e+01
1.441441440582275391e+01
1.444444465637207031e+01
1.447447490692138672e+01
1.450450420379638672e+01
1.453453445434570312e+01
1.456456470489501953e+01
1.459459495544433594e+01
1.462462425231933594e+01
1.465465450286865234e+01
1.468468475341796875e+01
1.471471500396728516e+01
1.474474430084228516e+01
1.477477455139160156e+01
1.480480480194091797e+01
1.483483505249023438e+01
1.486486530303955078e+01
1.489489459991455078e+01
1.492492485046386719e+01
1.495495510101318359e+01
1.498498535156250000e+01
1.501501464843750000e+01
1.504504489898681641e+01
1.507507514953613281e+01
1.510510540008544922e+01
1.513513469696044922e+01
1.516516494750976562e+01
1.519519519805908203e+01
1.522522544860839844e+01
1.525525569915771484e+01
1.528528499603271484e+01
1.531531524658203125e+01
1.534534549713134766e+01
1.537537574768066406e+01
1.540540504455566406e+01
1.543543529510498047e+01
1.546546554565429688e+01
1.549549579620361328e+01
1.552552509307861328e+01
1.555555534362792969e+01
1.558558559417724609e+01
1.561561584472656250e+01
1.564564609527587891e+01
1.567567539215087891e+01
1.570570564270019531e+01
1.573573589324951172e+01
1.576576614379882812e+01
1.579579544067382812e+01
1.582582569122314453e+01
1.585585594177246094e+01
1.588588619232177734e+01
1.591591548919677734e+01
1.594594573974609375e+01
1.597597599029541016e+01
1.600600624084472656e+01
1.603603553771972656e+01
1.606606674194335938e+01
1.609609603881835938e+01
1.612612533569335938e+01
1.615615653991699219e+01
1.618618583679199219e+01
1.621621704101562500e+01
1.624624633789062500e+01
1.627627563476562500e+01
1.630630683898925781e+01
1.633633613586425781e+01
1.636636543273925781e+01
1.639639663696289062e+01
1.642642593383789062e+01
1.645645713806152344e+01
1.648648643493652344e+01
1.651651573181152344e+01
1.654654693603515625e+01
1.657657623291015625e+01
1.660660743713378906e+01
1.663663673400878906e+01
1.666666603088378906e+01
1.669669723510742188e+01
1.672672653198242188e+01
1.675675582885742188e+01
1.678678703308105469e+01
1.681681632995605469e+01
1.684684753417968750e+01
1.687687683105468750e+01
1.690690612792968750e+01
1.693693733215332031e+01
1.696696662902832031e+01
1.699699783325195312e+01
1.702702713012695312e+01
1.705705642700195312e+01
1.708708763122558594e+01
1.711711692810058594e+01
1.714714622497558594e+01
1.717717742919921875e+01
1.720720672607421875e+01
1.723723793029785156e+01
1.726726722717285156e+01
1.729729652404785156e+01
1.732732772827148438e+01
1.735735702514648438e+01
1.738738822937011719e+01
1.741741752624511719e+01
1.744744682312011719e+01
1.747747802734375000e+01
1.750750732421875000e+01
1.753753662109375000e+01
1.756756782531738281e+01
1.759759712219238281e+01
1.762762832641601562e+01
1.765765762329101562e+01
1.768768692016601562e+01
1.771771812438964844e+01
1.774774742126464844e+01
1.777777862548828125e+01
1.780780792236328125e+01
1.783783721923828125e+01
1.786786842346191406e+01
1.789789772033691406e+01
1.792792701721191406e+01
1.795795822143554688e+01
1.798798751831054688e+01
1.801801872253417969e+01
1.804804801940917969e+01
1.807807731628417969e+01
1.810810852050781250e+01
1.813813781738281250e+01
1.816816902160644531e+01
1.819819831848144531e+01
1.822822761535644531e+01
1.825825881958007812e+01
1.828828811645507812e+01
1.831831741333007812e+01
1.834834861755371094e+01
1.837837791442871094e+01
1.840840911865234375e+01
1.843843841552734375e+01
1.846846771240234375e+01
1.849849891662597656e+01
1.852852821350097656e+01
1.855855941772460938e+01
1.858858871459960938e+01
1.861861801147460938e+01
1.864864921569824219e+01
1.867867851257324219e+01
1.870870780944824219e+01
1.873873901367187500e+01
1.876876831054687500e+01
1.879879951477050781e+01
1.882882881164550781e+01
1.885885810852050781e+01
1.888888931274414062e+01
1.891891860961914062e+01
1.894894981384277344e+01
1.897897911071777344e+01
1.900900840759277344e+01
1.903903961181640625e+01
1.906906890869140625e+01
1.909909820556640625e+01
1.912912940979003906e+01
1.915915870666503906e+01
1.918918991088867188e+01
1.921921920776367188e+01
1.924924850463867188e+01
1.927927970886230469e+01
1.930930900573730469e+01
1.933934020996093750e+01
1.936936950683593750e+01
1.939939880371093750e+01
1.942943000793457031e+01
1.945945930480957031e+01
1.948948860168457031e+01
1.951951980590820312e+01
1.954954910278320312e+01
1.957958030700683594e+01
1.960960960388183594e+01
1.963963890075683594e+01
1.966967010498046875e+01
1.969969940185546875e+01
1.972973060607910156e+01
1.975975990295410156e+01
1.978978919982910156e+01
1.981982040405273438e+01
1.984984970092773438e+01
1.987987899780273438e+01
1.990991020202636719e+01
1.993993949890136719e+01
1.996997070312500000e+01
2.000000000000000000e+01
2.003002929687500000e+01
2.006006050109863281e+01
2.009008979797363281e+01
2.012012100219726562e+01
2.015015029907226562e+01
2.018017959594726562e+01
2.021021080017089844e+01
2.024024009704589844e+01
2.027026939392089844e+01
2.030030059814453125e+01
2.033032989501953125e+01
2.036036109924316406e+01
2.039039039611816406e+01
2.042041969299316406e+01
2.045045089721679688e+01
2.048048019409179688e+01
2.051051139831542969e+01
2.054054069519042969e+01
2.057056999206542969e+01
2.060060119628906250e+01
2.063063049316406250e+01
2.066065979003906250e+01
2.069069099426269531e+01
2.072072029113769531e+01
2.075075149536132812e+01
2.078078079223632812e+01
2.081081008911132812e+01
2.084084129333496094e+01
2.087087059020996094e+01
2.090090179443359375e+01
2.093093109130859375e+01
2.096096038818359375e+01
2.099099159240722656e+01
2.102102088928222656e+01
2.105105018615722656e+01
2.108108139038085938e+01
2.111111068725585938e+01
2.114114189147949219e+01
2.117117118835449219e+01
2.120120048522949219e+01
2.123123168945312500e+01
2.126126098632812500e+01
2.129129219055175781e+01
2.132132148742675781e+01
2.135135078430175781e+01
2.138138198852539062e+01
2.141141128540039062e+01
2.144144058227539062e+01
2.147147178649902344e+01
2.150150108337402344e+01
2.153153228759765625e+01
2.156156158447265625e+01
2.159159088134765625e+01
2.162162208557128906e+01
2.165165138244628906e+01
2.168168258666992188e+01
2.171171188354492188e+01
2.174174118041992188e+01
2.177177238464355469e+01
2.180180168151855469e+01
2.183183097839355469e+01
2.186186218261718750e+01
2.189189147949218750e+01
2.192192268371582031e+01
2.195195198059082031e+01
2.198198127746582031e+01
2.201201248168945312e+01
2.204204177856445312e+01
2.207207298278808594e+01
2.210210227966308594e+01
2.213213157653808594e+01
2.216216278076171875e+01
2.219219207763671875e+01
2.222222137451171875e+01
2.225225257873535156e+01
2.228228187561035156e+01
2.231231307983398438e+01
2.234234237670898438e+01
2.237237167358398438e+01
2.240240287780761719e+01
2.243243217468261719e+01
2.246246337890625000e+01
2.249249267578125000e+01
2.252252197265625000e+01
2.255255317687988281e+01
2.258258247375488281e+01
2.261261177062988281e+01
2.264264297485351562e+01
2.267267227172851562e+01
2.270270347595214844e+01
2.273273277282714844e+01
2.276276206970214844e+01
2.279279327392578125e+01
2.282282257080078125e+01
2.285285377502441406e+01
2.288288307189941406e+01
2.291291236877441406e+01
2.294294357299804688e+01
2.297297286987304688e+01
2.300300216674804688e+01
2.303303337097167969e+01
2.306306266784667969e+01
2.309309387207031250e+01
2.312312316894531250e+01
2.315315246582031250e+01
2.318318367004394531e+01
2.321321296691894531e+01
2.324324417114257812e+01
2.327327346801757812e+01
2.330330276489257812e+01
2.333333396911621094e+01
2.336336326599121094e+01
2.339339256286621094e+01
2.342342376708984375e+01
2.345345306396484375e+01
2.348348426818847656e+01
2.351351356506347656e+01
2.354354286193847656e+01
2.357357406616210938e+01
2.360360336303710938e+01
2.363363456726074219e+01
2.366366386413574219e+01
2.369369316101074219e+01
2.372372436523437500e+01
2.375375366210937500e+01
2.378378295898437500e+01
2.381381416320800781e+01
2.384384346008300781e+01
2.387387466430664062e+01
2.390390396118164062e+01
2.393393325805664062e+01
2.396396446228027344e+01
2.399399375915527344e+01
2.402402496337890625e+01
2.405405426025390625e+01
2.408408355712890625e+01
2.411411476135253906e+01
2.414414405822753906e+01
2.417417335510253906e+01
2.420420455932617188e+01
2.423423385620117188e+01
2.426426506042480469e+01
2.429429435729980469e+01
2.432432365417480469e+01
2.435435485839843750e+01
2.438438415527343750e+01
2.441441535949707031e+01
2.444444465637207031e+01
2.447447395324707031e+01
2.450450515747070312e+01
2.453453445434570312e+01
2.456456375122070312e+01
2.459459495544433594e+01
2.462462425231933594e+01
2.465465545654296875e+01
2.468468475341796875e+01
2.471471405029296875e+01
2.474474525451660156e+01
2.477477455139160156e+01
2.480480575561523438e+01
2.483483505249023438e+01
2.486486434936523438e+01
2.489489555358886719e+01
2.492492485046386719e+01
2.495495414733886719e+01
2.498498535156250000e+01
2.501501464843750000e+01
2.504504585266113281e+01
2.507507514953613281e+01
2.510510444641113281e+01
2.513513565063476562e+01
2.516516494750976562e+01
2.519519424438476562e+01
2.522522544860839844e+01
2.525525474548339844e+01
2.528528594970703125e+01
2.531531524658203125e+01
2.534534454345703125e+01
2.537537574768066406e+01
2.540540504455566406e+01
2.543543624877929688e+01
2.546546554565429688e+01
2.549549484252929688e+01
2.552552604675292969e+01
2.555555534362792969e+01
2.558558464050292969e+01
2.561561584472656250e+01
2.564564514160156250e+01
2.567567634582519531e+01
2.570570564270019531e+01
2.573573493957519531e+01
2.576576614379882812e+01
2.579579544067382812e+01
2.582582664489746094e+01
2.585585594177246094e+01
2.588588523864746094e+01
2.591591644287109375e+01
2.594594573974609375e+01
2.597597503662109375e+01
2.600600624084472656e+01
2.603603553771972656e+01
2.606606674194335938e+01
2.609609603881835938e+01
2.612612533569335938e+01
2.615615653991699219e+01
2.618618583679199219e+01
2.621621704101562500e+01
2.624624633789062500e+01
2.627627563476562500e+01
2.630630683898925781e+01
2.633633613586425781e+01
2.636636543273925781e+01
2.639639663696289062e+01
2.642642593383789062e+01
2.645645713806152344e+01
2.648648643493652344e+01
2.651651573181152344e+01
2.654654693603515625e+01
2.657657623291015625e+01
2.660660743713378906e+01
2.663663673400878906e+01
2.666666603088378906e+01
2.669669723510742188e+01
2.672672653198242188e+01
2.675675582885742188e+01
2.678678703308105469e+01
2.681681632995605469e+01
2.684684753417968750e+01
2.687687683105468750e+01
2.690690612792968750e+01
2.693693733215332031e+01
2.696696662902832031e+01
2.699699783325195312e+01
2.702702713012695312e+01
2.705705642700195312e+01
2.708708763122558594e+01
2.711711692810058594e+01
2.714714622497558594e+01
2.717717742919921875e+01
2.720720672607421875e+01
2.723723793029785156e+01
2.726726722717285156e+01
2.729729652404785156e+01
2.732732772827148438e+01
2.735735702514648438e+01
2.738738822937011719e+01
2.741741752624511719e+01
2.744744682312011719e+01
2.747747802734375000e+01
2.750750732421875000e+01
2.753753662109375000e+01
2.756756782531738281e+01
2.759759712219238281e+01
2.762762832641601562e+01
2.765765762329101562e+01
2.768768692016601562e+01
2.771771812438964844e+01
2.774774742126464844e+01
2.777777862548828125e+01
2.780780792236328125e+01
2.783783721923828125e+01
2.786786842346191406e+01
2.789789772033691406e+01
2.792792701721191406e+01
2.795795822143554688e+01
2.798798751831054688e+01
2.801801872253417969e+01
2.804804801940917969e+01
2.807807731628417969e+01
2.810810852050781250e+01
2.813813781738281250e+01
2.816816902160644531e+01
2.819819831848144531e+01
2.822822761535644531e+01
2.825825881958007812e+01
2.828828811645507812e+01
2.831831741333007812e+01
2.834834861755371094e+01
2.837837791442871094e+01
2.840840911865234375e+01
2.843843841552734375e+01
2.846846771240234375e+01
2.849849891662597656e+01
2.852852821350097656e+01
2.855855941772460938e+01
2.858858871459960938e+01
2.861861801147460938e+01
2.864864921569824219e+01
2.867867851257324219e+01
2.870870780944824219e+01
2.873873901367187500e+01
2.876876831054687500e+01
2.879879951477050781e+01
2.882882881164550781e+01
2.885885810852050781e+01
2.888888931274414062e+01
2.891891860961914062e+01
2.894894981384277344e+01
2.897897911071777344e+01
2.900900840759277344e+01
2.903903961181640625e+01
2.906906890869140625e+01
2.909909820556640625e+01
2.912912940979003906e+01
2.915915870666503906e+01
2.918918991088867188e+01
2.921921920776367188e+01
2.924924850463867188e+01
2.927927970886230469e+01
2.930930900573730469e+01
2.933934020996093750e+01
2.936936950683593750e+01
2.939939880371093750e+01
2.942943000793457031e+01
2.945945930480957031e+01
2.948948860168457031e+01
2.951951980590820312e+01
2.954954910278320312e+01
2.957958030700683594e+01
2.960960960388183594e+01
2.963963890075683594e+01
2.966967010498046875e+01
2.969969940185546875e+01
2.972973060607910156e+01
2.975975990295410156e+01
2.978978919982910156e+01
2.981982040405273438e+01
2.984984970092773438e+01
2.987987899780273438e+01
2.990991020202636719e+01
2.993993949890136719e+01
2.996997070312500000e+01
3.000000000000000000e+01
